252.993 148.363 2770 262.853 75 71
249.947 148.226 2830 285.338 78 72
246.925 147.212 2776 273.338 78 72
242.812 147.221 2964 270.995 78 73
238.87 148.395 3137.5 271.238 81 73
234.852 150.63 3378 282.167 84 73
229.948 150.933 3442 323.823 85 73
224.911 151.434 3487 336.794 87 72
219.456 153.154 3553.5 357.179 95 75
213.454 155.613 3846.5 404.836 99 80
208.116 156.688 3867.5 383.179 99 81
203.268 157.069 3806 372.108 99 83
199.026 156.918 3692.5 374.208 100 86
193.307 156.49 3643 367.279 100 82
186.9 154.98 3645 338.108 101 74
179.95 152.393 3503.5 328.551 102 71
174.756 154.542 3839.5 340.066 103 71
169.075 156.059 4073.5 404.551 103 78
163.609 154.62 4038 403.907 103 83
157.312 155.203 4079 393.706 103 84
151.25 157.138 4146.5 413.806 104 89
145.59 158.118 4131.5 410.291 104 96
138.283 157.034 3992 393.421 104 93
132.683 155.489 3808 370.593 103 89
126.896 154.823 3641.5 373.522 104 82
120.197 153.262 3707 342.108 104 75
112.932 151.712 3862 331.966 104 74
107.029 154.711 4396.5 370.551 105 75
100.796 155.247 4526.5 409.865 105 80
93.5728 155.674 4617 441.22 105 85
87.2517 156.811 4739.5 443.605 105 91
80.6316 157.674 4690.5 439.463 104 96
74.8426 158.758 4716.5 440.492 104 98
68.6094 158.499 4560 408.108 104 95
62.5386 157.255 4280.5 390.693 104 89
56.0038 154.375 3890 346.794 104 83
49.1663 152.081 3665.5 342.492 106 74
43.5555 154.215 3914.5 352.693 106 72
39.2069 156.379 4071 375.622 105 72
34.1037 157.095 3954.5 399.664 105 71
29.1931 158.447 3819 385.907 99 69
26.735 157.98 3294 339.764 99 68
24.6864 159.487 2692.5 306.208 97 64
20.4845 159.474 2087 244.853 83 56
16.0238 161.981 1664 226.711 80 45
11.9908 163.78 1161 205.397 76 34
11.1308 129.926 865.5 179.012 64 27
13.287 130.331 1132 185.598 65 33
13.7983 147.348 1831 312.912 107 39
15.3997 148.391 2113.5 305.841 106 44
16.9091 148.321 2433 304.912 106 49
18.7329 148.688 2706 313.054 105 55
20.7164 149.537 3088 320.853 105 60
23.412 150.148 3455.5 335.095 105 65
27.0487 152.937 4051.5 344.409 105 71
31.5606 153.828 4297 386.451 104 76
37.6787 155.564 4419.5 439.806 104 82
43.4094 157.342 4516 447.362 103 88
48.6213 158.648 4455.5 447.806 101 94
55.0359 159.314 4384 426.735 100 90
60.0835 159.74 4383.5 420.492 99 94
65.5587 159.212 4302.5 404.007 98 91
70.8064 158.142 4194 391.764 98 87
76.8191 156.918 4137 354.794 97 80
83.7596 154.199 4023.5 344.208 98 75
89.3931 155.096 4260.5 352.208 98 75
93.8906 157.568 4549 386.652 98 75
99.6026 157.517 4646.5 434.693 99 80
104.487 158.334 4664.5 452.635 99 85
110.087 158.328 4595 444.392 100 88
115.773 158.926 4618 409.421 100 91
120.783 158.802 4439 405.764 100 93
126.343 157.979 4152 390.936 100 89
132.014 156.601 3902.5 360.693 100 84
137.115 156.335 3813 327.279 99 79
143.085 154.252 3650.5 319.037 99 73
148.86 152.875 3610 316.451 99 73
154.115 156.915 4055 357.966 99 75
159.26 157.692 4191 378.108 98 82
165.051 159.144 4336.5 397.321 97 88
170.505 160.097 4266.5 411.664 97 91
176.583 160.925 4236 398.936 96 90
181.428 160.599 4117 382.451 96 93
185.886 160.647 4042.5 384.693 96 89
190.854 158.922 3851.5 358.208 95 86
195.208 158.007 3744.5 347.865 95 81
201.39 155.058 3737 329.622 96 74
206.901 154.917 3941 328.309 96 75
211.16 156.328 4247.5 360.894 97 76
216.157 156.972 4413 415.622 98 80
220.152 156.443 4278 389.622 98 84
224.867 156.469 4296 374.593 99 88
230.941 156.329 4175.5 402.35 99 87
236.539 156.615 4097 367.622 97 89
242.439 155.292 3810.5 338.208 85 85
247.263 154.435 3607 328.794 85 81
251.458 153.077 3433.5 322.551 85 76
255.508 151.42 3332 289.137 86 70
260.156 148.087 3153.5 284.551 87 71
263.976 146.866 3185.5 284.208 90 71
267.038 147.399 3247.5 287.723 90 71
270.171 147.359 3198 295.137 91 71
273.351 146.807 3092.5 294.551 92 70
276.247 147.059 2925 290.794 92 67
279.849 146.719 2818.5 286.894 92 65
284.376 143.589 2665 270.167 89 61
286.263 142.88 2478.5 280.267 89 58
287.867 140.698 2245 241.539 79 55
289.589 139.667 2175.5 230.953 79 53
291.055 138.66 2096.5 231.439 79 51
292.608 138.493 2122 227.196 81 49
294.691 137.866 2147 229.882 83 47
298.153 138.727 2380.5 230.811 82 45
299.359 137.197 2172.5 219.154 81 42
299.857 135.87 1910 216.083 81 39
301.845 140.264 2022.5 246.326 93 37
303.947 141.546 2128 240.083 94 35
304.785 141.539 2035.5 244.669 98 33
305.613 140.327 1951.5 239.012 98 32
306.149 138.865 1816 260.426 100 30
306.742 137.279 1708.5 257.012 100 29
307.241 135.445 1607.5 262.184 102 27
307.814 133.628 1581 260.77 101 26
308.387 134.63 1622 268.77 106 25
308.761 133.355 1605.5 269.355 108 25
309.278 134.002 1567.5 279.841 116 26
309.337 133.818 1572.5 278.669 116 26
309.542 134.79 1533 286.426 118 25
309.762 135.242 1538 285.598 118 25
311.086 160.661 808 152.142 65 16
309.11 105.795 637 132.627 47 23
311.071 160.527 779 150.142 64 16
309.598 105.26 571.5 128.042 47 22
311.636 158.773 674.5 131.899 56 14
310.337 104.794 517 124.627 46 20
312.048 157.681 590 126.485 54 13
311.3 104.95 477 121.456 48 18
312.223 155.57 535 117.314 50 13
312.095 105.731 435 116.627 48 16
312.668 132.44 932 224.77 99 15
312.66 154.068 438.5 104.728 44 13
313.535 103.26 290.5 105.556 43 13
312.403 157.354 485.5 115.556 50 13
312.663 159.864 480 118.142 52 12
313.221 146.423 706 188.971 85 12
312.426 158.845 550 128.142 56 13
312.524 161.001 548.5 128.728 56 13
312.514 163.181 552.5 129.556 57 13
312.18 165.661 594 135.799 60 14
311.966 166.905 628.5 142.385 63 14
311.878 166.519 662 143.799 64 14
311.847 165.843 679.5 146.385 65 14
311.775 165.223 691 146.971 65 14
311.697 164.148 709.5 149.556 66 14
311.603 163.32 720.5 150.728 66 14
311.392 163.137 733.5 148.728 65 14
311.789 93.3746 464.5 109.213 41 17
311.296 132.991 1324.5 284.669 120 19
310.754 130.919 1483 294.77 121 21
309.899 128.39 1609 310.083 121 23
309.189 129.128 1772.5 315.841 122 25
308.218 127.73 1871.5 299.841 122 27
307.217 126.871 1978 300.426 120 30
306.524 126.065 2048 302.083 120 32
305.961 123.821 2012.5 281.841 110 33
305.418 124.249 2075 284.77 110 35
304.932 124.628 2158.5 286.184 111 36
304.804 125.115 2170 287.941 111 36
304.496 125.354 2236.5 285.841 111 37
304.543 125.984 2258 283.598 111 36
304.492 125.682 2256 283.598 110 36
304.498 126.89 2316 287.255 112 35
304.546 127.295 2349.5 288.669 112 35
304.786 127.317 2292 294.569 113 34
304.612 127.138 2277.5 293.497 113 33
304.671 127.021 2309 292.912 113 32
304.943 128.193 2329.5 297.497 113 32
304.933 127.513 2373 292.912 114 31
305.049 128.618 2351 304.569 114 31
304.975 129.746 2264.5 317.983 113 30
305.076 129.358 2360 302.083 113 30
305.027 129.726 2294.5 319.154 113 29
304.994 129.579 2288 316.569 112 29
305.058 128.383 2323 316.912 113 29
304.9 128.464 2373 322.083 113 30
304.99 129.679 2383.5 317.497 113 30
305.429 137.187 2053.5 246.87 91 30
305.419 137.131 2048.5 247.698 91 30
304.96 128.525 2376 320.912 113 31
304.955 128.479 2372 327.74 114 32
