277.085 144.794 1181 200.083 75 24
277.077 144.832 1179.5 200.669 75 24
276.968 144.691 1209 202.083 76 24
276.911 144.874 1208.5 203.497 76 24
276.749 145.148 1196.5 203.841 76 24
276.737 144.702 1188.5 199.841 75 24
276.338 144.287 1211 201.74 75 25
276.121 144.422 1210 198.912 75 25
275.906 144.239 1245.5 202.326 75 25
275.587 144.902 1214.5 204.326 75 25
275.351 144.316 1256 202.083 74 25
274.956 144.307 1263 197.255 73 26
274.884 144.371 1300.5 199.841 72 26
274.292 145.043 1335 202.912 74 26
273.837 145.315 1394 207.74 75 27
273.295 146.171 1446.5 212.811 77 29
272.57 146.183 1459 215.397 77 28
271.848 146.075 1454.5 217.154 77 28
270.921 146.392 1521.5 215.497 78 28
269.845 146.712 1516.5 216.326 79 28
268.634 147.413 1510 212.083 79 28
267.507 148.259 1522.5 216.669 80 27
265.926 148.501 1551 218.912 80 28
264.422 149.652 1557 218.912 81 28
262.57 151.396 1626.5 225.497 86 27
260.748 152.719 1661.5 230.326 89 27
258.555 152.1 1669.5 226.669 89 27
256.362 152.572 1720.5 233.154 92 28
254.511 152.8 1725 229.054 92 27
252.219 153.645 1667 225.74 93 25
250.338 154.63 1735.5 237.154 94 26
248.531 154.329 1807 225.255 93 26
246.396 156.297 1914 226.569 94 28
244.616 158.686 2010.5 239.983 98 30
242.368 159.424 2064.5 246.811 98 31
239.968 159.998 2118.5 261.983 99 33
237.757 160.688 2142 267.397 98 36
235.114 161.901 2206 274.368 99 42
232.758 163.134 2216.5 279.439 98 45
230.404 162.544 2224.5 281.095 97 46
228.02 162.921 2220.5 283.924 97 46
225.08 163.307 2186 281.681 97 45
222.322 163.419 2120.5 281.782 97 44
219.345 163.703 2211 273.882 97 43
216.482 162.769 2194 271.054 98 41
213.867 162.215 2118.5 267.64 99 38
210.827 160.147 1873 257.397 100 33
207.661 158.36 1866 249.882 100 29
204.497 157.334 1945 242.225 100 27
202.194 159.682 2114 248.225 100 29
199.792 161.515 2225.5 256.468 101 31
197.504 161.904 2188 271.054 99 34
194.824 162.687 2264 278.368 101 40
192.213 163.473 2272 285.681 100 44
189.631 163.866 2323 287.681 100 45
187.065 164.538 2318 288.51 99 45
184.235 164.552 2311.5 282.61 99 45
181.345 164.852 2267 282.368 98 46
178.165 164.358 2204.5 279.296 99 44
175.3 163.202 2145 270.225 99 40
172.454 161.607 2081.5 260.811 99 36
169.285 159.547 2008.5 257.154 100 32
165.866 158.977 2027.5 250.125 103 30
162.641 159.682 2107.5 247.983 103 29
159.926 161.913 2267.5 255.154 102 31
156.966 162.688 2333.5 273.154 104 33
154.353 163.174 2348 287.196 103 40
151.363 164.212 2389.5 291.095 102 46
148.508 164.988 2408 295.338 102 46
145.793 164.969 2407.5 295.924 102 46
143.161 165.422 2395.5 291.924 102 46
140.25 165.584 2382 292.853 102 47
137.574 165.902 2365.5 292.61 102 47
135.056 165.285 2297.5 287.782 103 44
132.187 163.297 2196.5 276.468 103 38
129.037 161.835 2110 265.054 104 34
125.713 160.531 2079 259.054 105 32
122.326 159.297 2075.5 247.983 104 28
119.472 162.025 2228.5 253.154 104 29
116.658 164.201 2377 259.397 104 32
114.203 164.081 2420 290.368 104 35
111.835 163.93 2432 294.024 103 41
109.296 164.904 2459 300.167 103 45
106.502 165.46 2468.5 303.238 103 47
103.959 166.033 2475.5 304.752 102 49
101.111 166.016 2466 303.338 102 49
98.0745 166.035 2459.5 302.752 103 50
94.9417 165.784 2456.5 296.267 103 48
92.161 164.657 2397 286.368 103 44
89.6562 163.586 2311 278.711 104 39
86.7562 161.76 2220 265.539 104 37
83.7484 159.667 2121.5 256.468 105 31
80.5218 157.571 2129 253.054 105 28
77.817 159.806 2270 257.397 105 30
75.4059 161.22 2396.5 267.154 105 33
72.8885 161.748 2447 281.882 103 36
70.4778 163.146 2433.5 292.125 103 39
67.7001 162.958 2453 297.539 102 41
65.3711 163.195 2461.5 298.125 103 43
63.3095 164.077 2366 280.711 102 41
60.442 163.673 2426 288.024 102 44
58.0876 163.808 2324 281.882 101 43
55.5596 163.145 2262.5 276.953 102 41
53.19 161.498 2167.5 271.782 102 38
50.5444 160.48 2081 259.397 102 34
47.2863 158.962 2146 253.882 103 32
44.4268 158.507 2119 246.225 102 29
41.962 159.892 2206 248.912 102 30
39.6594 161.605 2281 257.74 102 31
37.6641 161.317 2248.5 276.811 101 33
35.6087 161.391 2262 287.054 101 36
33.4804 162.061 2295.5 286.61 101 40
31.4734 162.282 2291 286.024 101 42
28.7727 162.52 2298 288.51 99 44
26.1563 163.069 2268.5 291.924 99 45
23.4732 162.63 2251.5 293.924 99 45
21.4601 162.696 2353 285.681 100 45
19.1427 162.234 2378.5 280.61 100 44
17.0585 160.854 2239.5 281.782 99 42
14.6909 159.73 2217 269.539 100 37
12.6331 158.125 2128 255.74 101 31
11.0956 156.846 1883.5 245.497 102 25
9.60368 153.719 1593 224.284 98 21
8.76787 154.691 1441 222.284 98 19
7.92593 155.39 1269 219.113 98 17
7.09994 156.571 1094 215.456 97 15
6.2408 157.223 888 205.799 92 13
5.34198 159.136 636 170.971 79 11
4.30777 158.246 469.5 164.728 78 9
3.11221 176.661 202 105.657 50 6
4.83126 173.535 361.5 112.728 51 10
5.85326 154.804 840.5 212.87 95 13
7.19191 155.766 1079.5 217.355 95 17
8.58046 156.912 1349.5 225.012 96 21
9.93021 158.367 1633.5 239.841 99 25
11.6832 158.901 1911.5 251.497 100 28
13.4486 158.473 1984 282.083 101 30
14.934 158.872 2151 277.74 100 32
16.6399 159.734 2323.5 277.296 100 37
19.1849 160.691 2299 276.711 99 39
22.0397 161.089 2348 278.711 100 41
24.9346 161.864 2390 280.368 99 41
28.3238 162.063 2391.5 280.125 99 40
31.8657 162.055 2337.5 277.64 98 39
35.1281 161.935 2232 271.882 100 37
37.5633 161.565 2217 269.882 100 36
40.7189 159.095 2202.5 271.296 102 35
43.2308 157.127 2078 260.225 102 28
46.0456 156.234 2066.5 248.811 102 28
48.8444 158.48 2212.5 253.983 101 29
51.4322 160.58 2341.5 259.497 102 31
54.1926 160.915 2343 274.569 102 33
57.1809 161.911 2337 280.711 102 38
60.0904 162.499 2372.5 284.61 102 41
63.5501 162.698 2320.5 285.782 102 41
66.7693 163.723 2317.5 285.439 102 42
70.3908 163.919 2318.5 284.61 102 42
73.5866 164.378 2329 286.853 102 43
76.3232 164.2 2373 288.024 102 44
79.1762 162.402 2218.5 269.64 103 36
82.7038 161.111 2197.5 263.64 104 34
86.6453 159.392 2157.5 256.468 105 31
89.976 159.787 2219 254.225 106 30
92.9475 162.535 2472 267.539 107 36
96.0572 163.188 2509 289.539 106 36
99.1357 163.81 2555 302.368 104 40
101.934 164.518 2518.5 301.581 104 45
105.009 164.994 2534.5 299.581 103 48
108.144 164.941 2505 300.167 103 47
111.78 165.047 2507 296.51 102 47
114.982 165.07 2462 291.196 102 44
118.022 166.115 2416.5 290.61 103 46
121.147 164.702 2327 282.368 104 42
123.86 162.775 2185.5 269.64 104 35
127.568 160.595 2158 262.711 105 33
131.489 159.302 2191.5 262.811 105 31
134.112 161.264 2169 255.054 105 29
136.925 163.095 2314 261.054 105 32
139.614 163.179 2283 281.054 103 35
142.181 163.526 2296 285.539 103 39
145.142 164.448 2320.5 289.924 102 43
147.952 164.042 2345 292.167 102 44
150.77 164.734 2349 292.51 102 46
154.1 164.83 2371 298.167 101 48
158.384 164.569 2483 310.853 100 52
161.161 164.774 2472.5 297.439 102 48
163.825 163.72 2346.5 279.782 102 42
166.627 161.589 2187.5 266.468 103 35
169.92 159.421 2101.5 255.983 104 31
173.65 158.134 2079 253.397 105 29
176.351 159.852 2285 255.054 106 33
179.254 161.399 2386 259.397 105 33
182.123 162.848 2443 291.882 106 34
185.023 163.384 2457 303.196 106 40
187.413 163.38 2421 293.681 103 44
190.31 164.166 2457.5 303.095 105 44
192.953 164.746 2441 302.51 104 44
195.755 164.851 2394 294.024 104 43
198.301 165.204 2394 296.368 104 43
200.909 164.108 2369 288.368 105 42
203.707 163.185 2154 277.397 105 37
206.446 161.414 2124 270.225 106 33
209.656 160.397 2087.5 262.468 107 31
213.155 158.313 2107.5 245.154 101 28
216.189 159.365 2273 260.569 101 33
218.616 162.446 2423.5 286.326 107 37
220.359 162.711 2302.5 286.811 107 34
222.618 163.071 2281.5 290.468 106 38
224.848 162.887 2291 292.024 106 42
227.358 163.368 2271 292.024 105 43
230.483 163.004 2266 281.196 99 44
233.239 163.336 2263.5 286.267 99 46
236.07 163.157 2252.5 281.095 99 46
239.08 163.202 2253 278.368 98 45
241.897 161.454 2180 271.539 98 41
244.515 159.947 2114.5 261.64 99 37
247.115 158.763 2027 250.569 99 33
250.338 157.169 2028 247.054 100 31
253.398 157.41 2041.5 239.64 100 32
255.678 158.901 2166.5 245.64 100 33
257.44 159.158 2171 249.054 100 33
259.007 158.3 2129.5 249.983 99 32
260.551 157.265 2004.5 252.468 98 32
262.833 156.809 1985.5 249.64 98 32
265.15 157.406 1921.5 251.64 97 34
267.722 157.36 1832 260.711 96 33
270.541 156.7 1736 262.225 96 32
273.748 150.49 1487 238.083 86 27
276.331 151.884 1061.5 166.184 60 26
278.781 152.27 1143 175.941 58 32
279.986 151.578 1191.5 177.355 58 31
282.621 151.299 1307.5 184.184 59 32
285.108 150.798 1420 188.77 61 33
286.323 150.278 1418 189.113 61 32
286.858 149.727 1256.5 185.698 60 31
289.291 143.195 1508.5 252.184 78 36
290.596 147.172 1288 210.426 63 38
293.158 150.945 1496.5 206.184 66 38
295.925 153.324 1683.5 199.841 69 39
297.498 154.92 1799 200.912 69 39
299.286 156.296 1945 213.74 75 40
300.721 156.848 2021.5 220.669 75 39
301.83 157.052 2080 226.426 78 38
302.233 155.925 2028.5 214.527 75 37
302.344 153.704 1906.5 192.042 65 36
303.125 151.129 2000 229.941 83 35
303.616 150.974 1987 233.113 84 34
304.099 150.011 1971 231.113 85 33
304.651 150.839 1994.5 244.527 96 32
305.574 150.223 1745.5 252.527 88 31
305.895 151.425 1752.5 260.527 94 30
306.132 150.811 1747.5 260.184 94 30
306.341 151.417 1745 259.941 94 29
306.581 151.382 1720 255.598 95 29
306.589 151.764 1712.5 251.012 95 29
306.416 152.421 1762 246.083 95 29
306.119 152.74 1749.5 244.184 91 30
304.919 155.502 1909.5 260.527 90 30
304.603 156.399 1919 265.941 92 30
304.282 156.849 1942 257.941 91 30
303.815 157.512 1881 258.77 90 30
303.595 160.569 1603 225.255 76 31
301.084 155.491 1702.5 261.012 92 30
299.164 154.072 1618 250.426 90 26
297.711 151.358 1508.5 218.184 85 27
294.922 152.58 1310.5 237.355 89 29
290.919 124.783 579 119.941 39 23
290.588 164.31 531.5 107.899 35 23
289.896 124.665 583.5 127.698 39 25
289.138 145.974 1380 245.598 85 26
287.782 146.352 1399 249.255 89 27
284.575 137.254 1056.5 189.841 68 27
283.966 142.95 1311 206.77 72 27
282.344 142.245 1379 199.255 73 27
279.784 142.398 1347.5 199.154 76 27
278.69 144.981 1465 208.912 83 27
277.484 146.389 1471.5 214.669 83 26
275.785 147.602 1634.5 213.497 84 28
273.773 149.724 1736 220.912 89 28
270.977 153.929 1909.5 240.811 96 32
268.86 154.997 1942 241.882 96 33
266.216 156.014 1972 242.225 95 33
263.521 156.53 1959.5 241.154 96 32
260.683 157.006 1979 243.397 96 32
257.622 157.782 2001 242.083 96 31
255.004 157.84 1948.5 242.669 96 30
252.526 158.001 1895.5 244.669 96 31
250.481 157.601 1826.5 248.326 97 28
248.711 158.151 1854.5 241.154 97 29
245.594 157.024 1898.5 243.64 98 30
242.62 157.269 1937.5 235.983 99 28
240.055 158.996 2106.5 243.983 100 29
237.392 161.539 2241.5 262.326 106 31
234.771 161.288 2209.5 275.64 100 36
232.223 162.848 2220 277.196 100 43
228.626 163.76 2367.5 301.924 100 53
226.812 163.626 2278 287.681 99 48
224.428 163.272 2284 288.853 99 46
221.865 163.975 2295 288.51 99 46
218.836 163.93 2297 282.853 100 45
215.974 163.566 2300.5 280.125 100 44
213.332 164.848 2291.5 291.296 106 44
210.684 163.384 2261 281.882 107 40
208.148 160.689 2126.5 263.64 103 35
204.828 160.257 2043.5 267.296 107 32
201.457 157.19 2018 249.882 102 29
198.696 159.185 2172.5 251.296 103 32
196.259 162.125 2352 264.225 106 32
193.56 161.748 2410 275.882 101 37
190.942 162.358 2446 298.368 104 38
188.822 163.514 2392 298.51 103 42
186.141 163.727 2417.5 299.095 100 43
183.892 163.725 2400.5 293.924 99 44
181.276 164.212 2361 290.024 99 44
179.398 164.197 2462 290.853 99 45
176.073 163.457 2331.5 278.125 99 44
172.86 163.214 2201 270.225 99 40
169.954 161.453 2128 263.054 100 36
166.605 160.185 2050.5 253.64 101 34
163.063 158.764 2009.5 245.64 101 30
159.638 159.619 2088.5 245.296 102 29
156.911 161.991 2255 254.225 103 31
153.868 163.435 2371.5 273.154 103 33
150.942 164.156 2353.5 290.125 102 39
147.247 165.526 2477 315.338 102 50
145.263 165.31 2388.5 297.924 102 46
142.539 165.553 2382.5 298.267 101 45
139.69 165.661 2413 295.338 102 45
136.886 166.34 2392.5 287.782 102 46
134.004 165.341 2369.5 283.782 102 45
131.451 163.629 2205 272.711 103 39
127.856 161.744 2171.5 263.296 104 36
124.281 160.233 2137 259.539 104 34
120.837 159.942 2172 257.054 103 32
118.558 162.778 2435 277.054 104 39
115.441 164.726 2522 281.882 105 39
112.88 164.671 2470 307.397 103 41
110.54 164.549 2493 312.024 103 43
107.864 165.481 2513.5 313.924 102 46
105.275 165.771 2534 309.338 102 47
102.561 166.021 2516 306.167 102 48
100.541 166.3 2596 313.823 102 48
97.2169 165.677 2481 298.853 103 46
94.33 164.996 2353.5 280.953 103 42
91.7963 163.45 2292 273.539 104 37
88.6508 161.759 2185 262.711 104 35
85.3327 159.638 2131.5 254.953 104 31
82.2078 159.249 2137.5 256.468 104 29
79.5168 161.3 2372 265.882 104 33
77.0014 162.85 2463.5 270.468 104 34
74.3407 163.272 2540 293.196 103 39
71.4162 163.597 2585.5 304.752 103 43
68.8477 163.982 2567.5 304.267 101 45
66.2473 164.21 2589.5 307.095 102 46
63.6172 163.859 2508 298.024 102 45
60.7835 164.073 2502.5 296.267 102 47
57.8462 164.425 2491.5 293.095 102 47
55.2367 163.767 2359.5 284.125 102 44
52.3573 162.245 2233.5 270.125 102 39
49.3305 160.73 2147.5 260.468 102 35
45.7212 159.719 2170.5 254.468 103 32
42.4731 159.62 2231 246.569 102 30
39.7014 162.301 2381 252.912 103 32
37.0294 163.05 2450.5 274.811 102 36
34.4089 162.737 2410 294.711 102 38
31.8747 163.342 2477.5 294.267 101 44
29.1571 163.747 2464.5 295.095 100 47
26.2128 164.094 2484 297.338 99 49
23.5349 164.289 2487.5 299.095 99 49
20.4015 164.242 2481 299.338 100 49
17.6323 163.584 2389.5 294.61 99 47
14.9739 161.898 2333.5 282.811 98 43
13.0129 161.88 2097.5 269.497 99 38
11.0872 161.456 1805 257.255 99 32
9.30655 160.773 1512 242.083 100 25
7.4174 159.789 1187.5 231.012 101 18
5.78296 156.477 835.5 212.87 97 13
5.13898 162.078 614 179.799 81 11
4.30556 151.89 294 103.314 47 9
